405900709 209 18486 
348339010 90 18486 
416994673 88 18423 
281016862 7 18424 
551691588 24 18423 
173339177 26 18421 
315646635 45 18424 
424148445 6 18391 
563851674 10 18419 
498639878 64 18447 
566529892 97 18485 
548803953 1 18402 
480190030 10 18406 
474627844 25 18465 
264064230 156 18486 
445225191 17 18462 
465155456 6 18424 
389811311 6 18435 
318785063 3 18424 
520212590 21 18434 
253382260 0 18424 
588421099 126 18485 
599994720 24 18435 
585319642 62 18480 
403652498 148 18487 
537975924 53 18478 
574648130 56 18483 
439454706 116 18483 
555200647 20 18486 
269714921 12 18437 
492488385 94 18485 
193678055 3 18455 
270647233 10 18453 
543998118 6 18441 
503418389 8 18461 
445309101 11 18485 
394614542 11 18466 
608341617 8 18475 
381184133 16 18483 
569174440 12 18486 
302929193 0 18485 
