486180723 104 18479 
422928303 44 18486 
355178819 255 18486 
284473384 170 18486 
388500206 10 18419 
435484809 8 18439 
350924920 10 18417 
579872714 82 18486 
225277326 47 18475 
215622486 153 18486 
493340943 28 18473 
587075891 18 18434 
593399063 26 18446 
561612540 64 18451 
490191174 18 18450 
250201403 71 18486 
492686630 114 18482 
541012044 164 18486 
482460721 58 18439 
591388054 31 18437 
275467695 5 18429 
332924433 19 18462 
337214960 30 18475 
562506616 0 18437 
355663779 2 18440 
525288242 9 18450 
576837530 0 18451 
471077922 3 18458 
414050535 37 18486 
