428075638 323 18487 
445225191 234 18486 
465155456 117 18424 
264064230 311 18487 
389811311 46 18389 
318785063 22 18365 
577248108 232 18449 
405900709 267 18486 
141116110 18 18378 
168105844 164 18486 
520212590 183 18487 
486962236 8 18367 
566529892 293 18485 
551691588 48 18407 
480190030 224 18456 
356758177 251 18487 
339265802 43 18417 
281016862 301 18486 
173576952 418 18487 
506156739 8 18483 
257666868 214 18487 
337013894 81 18481 
485256410 0 18368 
270647233 26 18402 
239999926 306 18487 
309245511 21 18471 
295374638 172 18487 
579022132 11 18470 
455663351 7 18391 
368809234 19 18427 
503561394 13 18436 
496401840 9 18447 
403897039 13 18473 
479338521 6 18474 
280492900 13 18482 
