231688699 -1488 18627 
233051943 5 18352 
291869025 4 18353 
383218114 8 18352 
240775832 10 18352 
174904101 6 18352 
209463077 7 18352 
310573776 13 18352 
287743361 9 18352 
389811311 107 18486 
520758616 250 18487 
556972103 14 18373 
445225191 0 18385 
476654410 104 18485 
393352607 172 18487 
324270800 5 18400 
234954484 99 18472 
155855665 177 18487 
166026863 298 18487 
374243490 86 18474 
151604582 26 18437 
430936486 15 18443 
564986049 16 18437 
428075638 15 18430 
575784217 8 18428 
378726599 83 18444 
525666748 59 18475 
579806140 76 18487 
552611815 94 18486 
540760717 32 18481 
447422883 10 18458 
603472198 2 18464 
547900205 4 18472 
310268061 0 18483 
546571323 2 18475 
561104999 0 18486 
393436248 10 18479 
263419754 25 18486 
314469589 3 18481 
281016862 6 18486 
