283119995 95 18486 
214472688 99 18486 
457430080 108 18486 
368809234 59 18441 
549270078 87 18486 
351883583 200 18487 
257483779 235 18487 
472373053 14 18464 
173455323 193 18486 
480190030 163 18487 
318785063 188 18487 
566428303 144 18486 
345866919 91 18487 
481989271 95 18450 
301915823 18 18455 
594463812 55 18462 
583345344 5 18419 
429063679 13 18486 
313481391 52 18472 
356476367 64 18486 
379039070 83 18473 
265955557 10 18422 
365712820 197 18486 
225663238 85 18481 
445225191 23 18460 
272877890 63 18486 
588421099 6 18429 
294786913 13 18451 
297584458 48 18486 
280445551 8 18438 
445142673 108 18485 
446076838 0 18440 
201087055 6 18436 
297002321 27 18448 
356758177 82 18480 
327150519 45 18454 
524726905 89 18487 
495144136 15 18459 
527723186 99 18486 
175715146 10 18486 
185246206 8 18481 
487023985 17 18474 
361695588 33 18487 
361730213 7 18475 
375864878 33 18486 
329091188 10 18486 
