577071987 47 18415 
305369806 32 18414 
234954484 13 18406 
532692820 18 18413 
383305020 41 18414 
492677577 2 18401 
578954237 26 18414 
355361809 42 18414 
340987020 27 18405 
192265787 12 18407 
556207818 4 18413 
548833448 9 18402 
423578863 31 18414 
444025557 2 18406 
494203855 7 18406 
521319931 28 18414 
580837760 4 18403 
484475416 7 18403 
556076077 19 18414 
547282986 3 18406 
261732901 10 18413 
284559407 15 18407 
498016703 32 18415 
453705367 5 18414 
511904790 8 18414 
138365146 7 18414 
545606238 13 18415 
