281924165 35 18484 
561104999 33 18486 
194879120 106 18486 
515988710 64 18469 
175338253 105 18486 
545719548 14 18462 
508534699 101 18486 
448268435 76 18486 
441433170 53 18484 
508783448 54 18486 
274554217 100 18486 
395075049 45 18482 
584982285 6 18465 
513718694 5 18447 
210297539 8 18451 
509030148 15 18459 
371700965 6 18451 
596721821 16 18485 
166906741 7 18451 
289187788 33 18472 
298136158 4 18455 
572547531 78 18486 
566368512 3 18454 
216763991 58 18474 
418930279 32 18462 
484208159 18 18475 
525412448 51 18475 
539517149 17 18474 
328079919 59 18483 
560980506 7 18463 
491784802 4 18465 
485797216 5 18473 
276404715 17 18484 
149106686 4 18484 
157176274 6 18484 
401261531 0 18486 
345964374 1 18484 
357426568 13 18486 
