480190030 197 18456 
307904546 356 18487 
187640310 374 18487 
525092952 54 18423 
448171840 299 18487 
378726599 108 18474 
524617621 80 18399 
420584790 76 18464 
553767078 232 18486 
556972103 4 18371 
158107189 183 18453 
520758616 5 18371 
340701257 302 18487 
223996169 177 18486 
571741640 16 18446 
450650124 135 18453 
548971073 58 18406 
586669354 3 18374 
462538797 152 18487 
588882206 7 18375 
446567444 0 18382 
396575218 254 18486 
550528483 17 18413 
232576068 1 18386 
371733416 6 18387 
573390338 63 18457 
305244306 181 18487 
450414663 1 18394 
477254701 35 18425 
577206845 8 18395 
141586032 221 18483 
548265949 6 18412 
509478114 2 18422 
549878637 28 18450 
527467917 1 18438 
572526722 164 18487 
523693189 0 18445 
302664617 8 18443 
588938534 123 18487 
466725057 29 18486 
520481172 12 18484 
524966506 9 18471 
393436248 16 18479 
537535188 34 18487 
588436959 0 18487 
516448920 6 18484 
120140144 25 18487 
156075658 3 18486 
218249523 1 18487 
