577071987 8 18475 
394037221 8 18402 
182833258 93 18486 
254074697 0 18422 
270110771 124 18481 
359354430 42 18485 
4830963 21 18479 
408157896 5 18482 
516851011 45 18484 
288769606 3 18484 
425773864 4 18456 
237466392 47 18483 
324057299 78 18486 
583963606 4 18453 
477959879 124 18486 
501406335 82 18486 
559614914 51 18482 
408899209 0 18475 
150577135 7 18480 
196733047 72 18486 
575375691 4 18470 
606762856 6 18470 
249793977 10 18473 
563918580 32 18480 
284381950 9 18475 
184734150 20 18486 
359737766 8 18482 
445952970 7 18482 
167927830 7 18484 
