374243490 81 18400 
517232028 17 18400 
568629657 45 18400 
194705957 56 18400 
564986049 48 18399 
533471632 17 18398 
551069829 50 18400 
544723695 50 18399 
470892718 8 18399 
569276013 37 18399 
553787254 68 18399 
465465858 30 18400 
593588006 6 18387 
431278501 31 18399 
537537280 45 18399 
236291593 42 18400 
164976530 60 18399 
480812493 64 18400 
273205666 7 18396 
313869986 22 18399 
325290441 20 18400 
496856143 38 18400 
385994453 10 18393 
588176505 10 18391 
392302391 47 18400 
179059152 20 18399 
475723975 4 18397 
584140316 19 18399 
505656215 11 18399 
233787486 10 18395 
144593063 23 18399 
546053740 10 18400 
299432243 10 18400 
559840214 10 18400 
