431278501 103 18428 
551069829 175 18487 
568629657 26 18435 
505656215 117 18487 
374243490 82 18479 
517232028 116 18487 
392302391 77 18417 
470892718 198 18487 
537537280 167 18487 
480812493 4 18423 
544723695 34 18467 
553787254 125 18485 
313869986 272 18486 
164976530 56 18443 
465465858 185 18485 
569276013 127 18453 
236291593 170 18487 
564986049 264 18475 
533471632 5 18423 
584140316 78 18457 
546053740 73 18480 
273205666 74 18462 
325290441 6 18470 
480142155 7 18425 
475723975 155 18487 
324167725 41 18458 
430936486 169 18487 
457129897 1 18420 
194705957 136 18487 
548948856 7 18406 
594131838 6 18407 
569189382 115 18465 
563664086 48 18465 
525604791 18 18430 
294156304 173 18485 
352990455 56 18440 
376238523 0 18474 
338370384 29 18438 
134462778 44 18444 
593004070 3 18439 
420574768 0 18443 
444774629 7 18483 
607331848 11 18485 
512632758 9 18487 
374379646 2 18483 
