387180930 76 18486 
547554902 137 18486 
454877829 1 18485 
167957603 94 18486 
587317934 7 18450 
496263200 110 18486 
367973108 20 18470 
546246732 1 18481 
346686019 50 18486 
259082298 0 18471 
554340412 72 18486 
552428452 81 18470 
188224560 25 18486 
525212721 46 18462 
579638855 39 18474 
269968260 68 18478 
177969992 47 18470 
579797258 98 18486 
207481443 14 18469 
276841584 26 18486 
484115282 13 18460 
280856613 0 18465 
366963560 37 18485 
433869804 6 18454 
506357758 12 18470 
463277768 113 18486 
549160226 8 18456 
540760717 30 18486 
229834360 8 18472 
260647394 29 18485 
362941419 5 18465 
466144317 19 18486 
374390564 10 18483 
260905818 13 18486 
373572713 4 18483 
180987725 14 18486 
