336071842 174 18486 
162035586 45 18486 
358919647 77 18466 
166026863 100 18464 
155855665 101 18487 
476654410 83 18486 
151604582 90 18486 
470892718 110 18487 
482569841 182 18487 
295374638 132 18487 
374243490 156 18486 
382222260 142 18487 
506249770 190 18487 
232516709 19 18470 
506795908 33 18445 
208497658 3 18457 
236291593 5 18429 
569276013 12 18430 
194705957 21 18445 
564986049 12 18430 
584140316 11 18432 
259583479 117 18487 
195040043 12 18446 
564691401 19 18451 
518583024 5 18486 
420876874 8 18435 
433199388 10 18435 
537537280 42 18487 
176692570 8 18471 
334202888 4 18462 
405139352 7 18466 
