207947405 42 18469 
94783515 120 18486 
241073106 105 18486 
190605299 95 18486 
453930496 6 18445 
395827058 107 18486 
261777958 61 18486 
86112033 78 18486 
392204859 175 18486 
507972700 0 18469 
537026351 149 18486 
216804406 184 18486 
569583842 8 18439 
281924165 148 18484 
178443031 142 18486 
193378456 142 18486 
269351558 69 18475 
189787147 71 18486 
212657642 89 18483 
308322510 88 18487 
525087992 44 18481 
109430990 29 18486 
303791597 76 18475 
350937572 20 18485 
399167909 173 18486 
97344823 115 18486 
295096052 24 18481 
244707423 102 18483 
198794063 63 18471 
407607169 13 18452 
209177442 97 18485 
184633809 19 18456 
438211563 127 18486 
190981991 3 18444 
551979183 4 18452 
399997572 132 18486 
331828132 55 18486 
541147694 18 18451 
292257427 23 18469 
340149460 9 18479 
236317052 56 18486 
444717519 10 18456 
210649440 57 18486 
474878041 3 18465 
265073054 39 18486 
329505564 0 18479 
197330301 23 18485 
333376024 13 18486 
