378726599 39 18474 
371733416 5 18433 
589171891 4 18435 
393436248 45 18486 
435308701 45 18479 
479835076 77 18486 
506844162 83 18486 
592117331 8 18457 
584997567 15 18465 
591485263 9 18443 
539397635 8 18443 
541593975 1 18444 
487221193 22 18451 
585998773 14 18450 
525092952 10 18449 
602945351 13 18482 
371998870 0 18450 
563708552 8 18449 
524431249 4 18452 
604056809 22 18486 
521749275 17 18482 
428958553 5 18468 
462356230 3 18483 
255341878 31 18486 
521885248 20 18468 
602419646 8 18461 
445214255 5 18462 
599279886 0 18463 
557141743 2 18463 
509179370 7 18472 
358099517 22 18480 
558076001 34 18483 
505796552 3 18474 
530564478 5 18479 
586669354 9 18486 
576922825 9 18483 
